2611102
2611101
2611095
2611081
2611076
2611075
2611062
2611056
2611055
2611050
2611044
2611043
2611037
2611036
2611031
2611024
2611023
2611018
2611017
2611011
2611005
2611004
2610998
2610997
2610992
2610986
2610985
2610979
2610978
2610973
2610966
2610965
2610960
2610947
2610946
2610940
2610939
2610934
2610928
2610927
2610921
2610920
2610914
2610908
2610907
2610900
2610899
2610894
2610888
2610887
2610881
2610880
2610875
2610869
2610868
2610862
23365993
2610853
2610847
2610846
2610837
2610836
2610830
2610816
2610815
2610805
2610804
2610792
2610782
2610781
2610768
2610767
2610757
2610743
2610742
2610732
2610731
2611293
2611289
2611288
2611281
2611280
2611276
2611273
2611271
2611270
2611267
2611263
23365992
2611260
2611257
2611254
2611620
23365991
2611636
2611628
2611167
23365990
2611166
2611150
2611149
2611783
23365989
23365988
2611788
2611761
